2200 2000


50 150 -25 1750 2 0 2 2950 740
50 150 2175 1750 2 2 1 -120 2040

150 150 200 1750 1
150 100 450 1550 1
150 100 750 1400 1
150 100 650 1200 1
150 100 200 1100 1
150 100 200 800 1
100 1100 950 800 1

900 100 300 700 1
150 100 450 600 1
150 100 750 600 1

700 100 1150 600 1
850 200 1300 50 1
350 100 1550 500 1
200 100 1750 400 1
150 30 1300 570 3 1100 550 4
100 30 1550 470 3 1100 550 4
100 30 1750 250 3 1100 550 2
30 300 2120 300 3 1100 550 3

850 300 1300 1000 1
200 100 1400 900 1
100 30 1600 970 3 1700 840 4

200 50 1050 1450 1
250 100 1250 1600 1
200 100 1750 1600 1
200 50 1500 1850 1
100 30 1750 1870 3 1900 1750 4

150 1700 -100 50 1
150 1700 2150 50 1
2400 150 -100 1900 1
2400 150 -100 -100 1

