2000 2300

200 100 -100 -100 1

2200 150 -100 -100 1
400 150 -100 2200 1
1300 100 300 2300 1
500 150 1600 2200 1
150 2000 -100 50 1
150 2000 1950 50 1

200 100 400 1950 1
200 100 800 1700 1
200 100 700 1420 1
200 100 200 1450 1
200 100 50 1200 1
200 100 50 920 1
200 100 600 900 1
200 100 900 620 1
500 100 1200 600 1
300 100 1650 900 1
50 900 1150 600 1
200 100 1650 1400 1
200 100 1200 1400 1
450 100 1300 1500 1

1300 50 300 2250 3 100 2040 4
200 30 900 720 3 100 2040 2

50 150 -25 2050 2 1 2 2150 1740
50 150 1975 2050 2 3 1 -120 2040 
